302
1112
1215
1264
1573
2187
2294
2643
3173
3669
4140
4321
4590
4597
4622
4679
4776
5279
5325
5378
5584
5673
5686
5729
5982
6235
6457
6778
7740
7906
7975
7992
8256
8403
8921
9497
9666
9744
10092
10111
10234
11427
11841
12193
12355
12463
12678
13515
13619
13954
14531
14881
15311
15777
16225
16348
16392
16900
17131
17460
17940
18156
19830
20062
20830
21505
22148
22171
22256
22475
23295
23450
23520
23663
24025
24639
25323
25931
26414
26480
27425
28008
28211
28244
28390
28403
28785
28927
29510
29587
29796
30200
30389
30613
30620
31283
31588
31638
31885
32789
