173
311
817
1147
1172
1845
1854
2128
2274
2595
2972
3097
3507
4144
4917
5147
5376
5688
5853
6506
6595
6695
6835
7093
8007
8431
8988
9118
9366
9472
10230
11068
11292
11392
11537
11732
11778
11841
11859
12302
12774
13258
14136
14822
15820
16162
16194
16789
17402
17453
18020
18098
18167
18324
18465
19610
19645
19960
20008
20626
20790
20858
21676
21785
21845
23061
23213
23347
23779
23975
24027
24442
25173
26151
26484
27406
27584
27956
28046
28414
28545
28755
28932
29117
29200
29397
30478
30741
30985
31148
31210
31561
31574
31631
31641
32154
32298
32418
32437
32586
